[0.00721084]
[0.4974812]
[0.00470655]
[0.4775528]
[0.883116]
[0.01695007]
[0.9922926]
[0.02567865]
[0.02567865]
[0.36817628]
[0.18278308]
[0.18278308]
[0.34597522]
[0.00041746]
[0.00041746]
[0.9999928]
[0.99993384]
[0.9929014]
[0.9929014]
[0.00122719]
[0.00122719]
[0.30607888]
[0.00022272]
[0.00135415]
[0.00027856]
[0.00140647]
[0.51533204]
[0.02112999]
[0.01152513]
[0.98033816]
[0.00022176]
[0.00261786]
[0.18278308]
[0.8343421]
[0.34655586]
[0.01176001]
[0.02567865]
[0.02567865]
[0.9999998]
[0.02567865]
[0.9999335]
[0.18278308]
[0.18278308]
[0.18278308]
[0.18401287]
[0.06894517]
[0.00736925]
[0.20197085]
[0.02567865]
[0.18278308]
[0.06558958]
[0.01863386]
[0.02567865]
[0.18278308]
[0.6543692]
[0.30757862]
[0.99999946]
[0.9997841]
[0.99999934]
[0.9999848]
[0.02567865]
[0.02567865]
[0.18278313]
[0.18278313]
[0.05373059]
[0.06778624]
[0.9999995]
[0.99993736]
[0.9999999]
[0.9999432]
[0.00033048]
[0.99966866]
[0.998791]
[0.00104701]
[0.9999443]
[0.00959061]
[0.9999252]
[0.9995139]
[0.99993235]
[0.99935305]
[0.9999961]
[0.9999961]
[0.9999187]
[0.99935234]
[0.9999335]
[0.9993638]
[0.9999187]
[0.99956363]
[0.02567865]
[0.18278308]
[0.99993044]
[0.9995112]
[0.9999253]
[0.9995465]
[0.99994504]
[0.9994837]
[0.9999322]
[0.999488]
[0.99991775]
[0.9995394]
[0.04751503]
[0.00046574]
[0.41395164]
[0.9986276]
[0.99999446]
[0.99824154]
[0.99999183]
[0.9983444]
[0.9999921]
[0.05752359]
[0.42031994]
[0.99819165]
[0.99999183]
[0.99812436]
[0.99999017]
[0.01751962]
[0.01751962]
[0.99817127]
[0.9999913]
[0.9981679]
[0.9999909]
[0.9875985]
[0.98734474]
[0.99811345]
[0.9999915]
[0.09051491]
[0.09103511]
[0.9982476]
[0.99999076]
[0.9983142]
[0.99999285]
[0.9982304]
[0.9999919]
[0.99826306]
[0.9999921]
[0.00174919]
[0.00126008]
[0.389225]
[0.23990177]
[0.998348]
[0.99999356]
[0.99820167]
[0.9999927]
[0.7800423]
[0.37652346]
[0.998181]
[0.99999124]
[0.00155255]
[0.00646648]
[0.41395164]
[0.41395164]
[0.8858083]
[0.9851253]
[0.6471777]
[0.99828035]
[0.6471777]
[0.9982116]
[0.99999416]
[0.95929843]
[0.00214487]
[0.99833494]
[0.96824527]
[0.99999154]
[0.9984495]
[0.9999967]
[0.99815106]
[0.9999904]
[0.9875535]
[0.98738486]
[0.998091]
[0.9999907]
[0.9977161]
[0.9999913]
[0.9986289]
[0.9999955]
[0.9983481]
[0.9999911]
[0.9983673]
[0.99999094]
[0.7331897]
[0.56785494]
[0.99818575]
[0.9999906]
[0.41395164]
[0.41395164]
[0.6471777]
[0.6471777]
[0.0001049]
[0.0003884]
[0.9983305]
[0.99999106]
[0.99844486]
[0.99999535]
[0.00352448]
[0.00532058]
[0.99822986]
[0.9999927]
[0.99806786]
[0.99999094]
[0.9982012]
[0.9999909]
[0.99828637]
[0.99999297]
[0.01751962]
[0.01751962]
[0.998221]
[0.99999195]
[0.34727696]
[0.00024552]
[0.9989218]
[0.9993337]
[0.00789452]
[0.00789452]
[0.99903274]
[0.9983525]
[0.99039775]
[0.99069816]
[0.9988348]
[0.9991398]
[0.99889034]
[0.9991472]
[0.99892324]
[0.9989301]
[0.9989132]
[0.999549]
[0.9078548]
[0.5593467]
[0.99890053]
[0.99921745]
[0.99888664]
[0.999032]
[0.9988593]
[0.99912465]
[0.00046521]
[0.00555115]
[0.9999999]
[0.9999994]
[0.89319557]
[0.24182865]
[0.99858737]
[0.9996959]
[0.99890816]
[0.99925166]
[0.9988718]
[0.99914974]
[0.9988722]
[0.9990801]
[0.2844748]
[0.00031015]
[0.9967301]
[0.9994871]
[0.00519256]
[0.00519256]
[0.9979119]
[0.9991376]
[0.5666746]
[0.5712079]
[0.9967608]
[0.99926156]
[0.9967795]
[0.9992701]
[0.99674946]
[0.9994475]
[0.9967504]
[0.99972844]
[0.9152826]
[0.56558645]
[0.9967787]
[0.99935263]
[0.9967785]
[0.99907637]
[0.99676025]
[0.99924254]
[0.16989154]
[0.05741158]
[1.]
[0.9999981]
[0.00892729]
[0.00163776]
[0.9941126]
[0.999653]
[0.9967749]
[0.9993932]
[0.9967746]
[0.99848056]
[0.9967705]
[0.9991678]
[0.9967654]
[0.99925524]
[0.99676585]
[0.99991417]
[0.9999164]
[0.999213]
[0.99676806]
[0.9993593]
[0.99663603]
[0.99986994]
[0.00025099]
[0.00236302]
[0.08551689]
[0.08578479]
[0.00014061]
[0.99962234]
[0.99997336]
[0.7318697]
[0.00473733]
[0.9972825]
[0.999752]
[0.9988431]
[0.9995139]
[0.99996614]
[0.99960726]
[0.9999793]
[0.9995507]
[0.99997056]
[0.9996076]
[0.9999805]
[0.99954504]
[0.9999767]
[0.7185984]
[0.9994421]
[0.99944574]
[0.99997085]
[0.99969417]
[0.99998224]
[0.99942887]
[0.99997395]
[0.0136577]
[0.9895279]
[0.09548708]
[0.09548708]
[0.7161029]
[0.03520755]
[0.01566086]
[0.7161029]
[0.00975202]
[0.00446912]
[0.9997165]
[0.9999785]
[0.99970055]
[0.9999829]
[0.2006999]
[0.08497518]
[0.08525654]
[0.99945766]
[0.99996984]
[0.9999068]
[0.9999898]
[0.99949974]
[0.99997973]
[0.99950397]
[0.9999821]
[0.9995879]
[0.99998313]
[0.00557122]
[0.0061181]
[0.9994361]
[0.9999571]
[0.99945664]
[0.99996805]
[0.99965537]
[0.99997765]
[0.99954677]
[0.9999837]
[0.9996448]
[0.9999858]
[0.9993551]
[0.99995315]
[0.00071075]
[0.00190449]
[0.9732543]
[0.07044451]
[0.00695292]
[0.00239707]
[0.9997119]
[0.99375623]
[0.9999707]
[0.99992985]
[0.99997294]
[0.9998681]
[0.9999728]
[0.99991566]
[0.99830997]
[0.8547632]
[0.9999768]
[0.9999533]
[0.9999837]
[0.9998944]
[0.01021228]
[0.01021228]
[0.9999828]
[0.9999625]
[0.9999748]
[0.9999317]
[0.99349713]
[0.993404]
[0.02752818]
[0.99997276]
[0.99992216]
[0.64021814]
[0.2448302]
[0.1070796]
[0.99997336]
[0.99993587]
[0.999972]
[0.99991417]
[0.99997765]
[0.9999603]
[0.9999734]
[0.9999245]
[0.9999731]
[0.999916]
[0.99998367]
[0.9999575]
[0.99997425]
[0.05093281]
[0.9999001]
[0.00171756]
[0.00386671]
[0.02595472]
[0.9999105]
[0.04519344]
[0.6376064]
[0.3429538]
[0.5625839]
[0.39960563]
[0.71959484]
[0.4103243]
[0.8512963]
[0.18998383]
[0.6902096]
[0.43464303]
[0.9847893]
[0.47302163]
[0.7691343]
[0.4052846]
[0.8734279]
[0.24407569]
[0.9999917]
[0.75111943]
[0.99991685]
[0.14212036]
[0.67656624]
[0.9987519]
[0.98812515]
[0.7895386]
[0.9999445]
[0.99998856]
[0.99992955]
[0.9999847]
[0.9999901]
[0.9999968]
[0.99995446]
[0.99998564]
[0.99994034]
[0.9999921]
[0.9999309]
[0.99999034]
[0.16849025]
[0.2527506]
[0.2527506]
[0.03879864]
[0.99798137]
[0.75319624]
[0.04035229]
[0.03904867]
[0.06128438]
[0.18159288]
[0.18159288]
[0.99993557]
[0.99999]
[0.42005068]
[0.42005068]
[0.03909072]
[0.03886572]
[0.06128412]
[0.00710069]
[0.01606912]
[0.04130367]
[0.06128438]
[0.06128438]
[0.76275164]
[0.09763332]
[0.04620778]
[0.6727823]
[0.2639375]
[0.96388006]
[0.18159288]
[0.18159288]
[0.06128438]
[0.06128438]
[0.8956958]
[0.04026999]
[0.95529115]
[0.06128438]
[0.02512313]
[0.99992245]
[0.18159288]
[0.00072591]
[0.99998325]
[0.06128438]
[0.12689961]
[0.7773149]
[0.18159288]
[0.06128438]
[0.00188913]
[0.8584587]
[0.9999209]
[0.9999834]
[0.0542891]
[0.99991775]
[0.99998266]
[0.4563015]
[0.99992436]
[0.99998945]
[0.18159288]
[0.18159288]
[0.06128438]
[0.06128438]
[0.8115878]
[0.73231673]
[0.99991095]
[0.9999838]
[0.9999045]
[0.04694847]
[0.9999951]
[0.3630027]
[0.9945345]
[0.14325903]
[0.99991375]
[0.9999846]
[0.9999174]
[0.999984]
[0.999995]
[0.9999997]
[0.3630025]
[0.99997336]
[0.9996303]
[0.9999617]
[0.99957937]
[0.53101444]
[0.99847835]
[0.99979424]
[0.9999606]
[0.99941546]
[0.9999981]
[0.6973784]
[0.9942853]
[0.0985439]
[0.03916077]
[0.03956501]
[0.02353538]
[0.17308636]
[0.99996185]
[0.00231916]
[0.00231916]
[0.99944395]
[0.02353538]
[0.9108778]
[0.02353538]
[0.00231916]
[0.01046456]
[0.01876418]
[0.02353538]
[0.02353538]
[0.9999957]
[0.9515119]
[0.3141443]
[0.03985645]
[0.02689832]
[0.00121376]
[0.33677348]
[0.00231916]
[0.9997386]
[0.00143152]
[0.03218156]
[0.999962]
[0.9994206]
[0.02353538]
[0.16016978]
[0.72405946]
[0.02353538]
[0.00231916]
[0.00231916]
[0.02990141]
[0.1952195]
[0.02353538]
[0.02353538]
[0.02353538]
[0.31031245]
[0.1491495]
[0.15545648]
[0.30385748]
[0.34292418]
[0.00231916]
[0.02353538]
[0.40345815]
[0.9999964]
[0.9998912]
[0.9999599]
[0.9994088]
[0.9985883]
[0.9998729]
[0.00231916]
[0.00231916]
[0.02353538]
[0.02353538]
[0.9997311]
[0.9989146]
[0.99996954]
[0.9995081]
[0.9999629]
[0.99958175]
[0.9999642]
[0.9993937]
[0.9999493]
[0.9994164]
[0.99997354]
[0.9995986]
[0.99977887]
[0.99956125]
[0.9996114]
[0.99946827]
[0.99986815]
[0.9986903]
[0.99986535]
[0.9999059]
[0.99941146]
[0.9994412]
[0.9998361]
[0.9993952]
[0.9993769]
[0.01429783]
[0.99946195]
[0.00170198]
[0.01429783]
[0.01429783]
[0.9860924]
[0.00170198]
[0.00170198]
[0.00741147]
[0.00330892]
[0.9399156]
[0.99975824]
[0.999919]
[0.9995729]
[0.99975175]
[0.9993777]
[0.99942327]
[0.9996322]
[0.99895406]
[0.9995408]
[0.3162784]
[0.9995601]
[0.9996912]
[0.99976176]
[0.19986163]
[0.04869996]
[0.99959916]
[0.99943197]
[0.9995523]
[0.9951878]
[0.9998801]
[0.9990932]
[0.9994444]
[0.9995468]
[0.9998353]
[0.46433553]
[1.]
[0.28996336]
[1.]
[0.2892796]
[1.]
[0.26946706]
[1.]
[0.22531036]
[0.9971933]
[0.28038844]
[1.]
[0.18411951]
[1.]
[0.2822719]
[0.6332598]
[0.99563116]
[0.9994629]
[0.47806022]
[1.]
[0.25230363]
[0.99829006]
[0.29015672]
[1.]
[0.28984058]
[1.]
[0.28618276]
[0.85687023]
[0.62192357]
[0.5514676]
[0.9938399]
[0.30664593]
[0.999979]
[0.2841892]
[0.29512843]
[0.99887806]
[0.28415787]
[0.99862576]
[0.2952021]
[0.9996108]
[0.28534162]
[0.9999025]
[0.2865139]
[0.9996073]
[0.27288154]
[0.99999875]
[0.49214828]
[0.9999602]
[0.2874947]
[0.9832639]
[0.28833982]
[0.99243337]
[0.6986333]
[0.99996126]
[0.2874546]
[0.9999938]
[0.28047633]
[0.99971443]
[0.2753517]
[0.00226052]
[0.632689]
[0.96144944]
[0.99989176]
[0.999988]
[0.99156314]
[0.9999779]
[0.9999987]
[0.01722482]
[0.03638377]
[0.8828152]
[0.999915]
[0.99999917]
[0.00039757]
[0.99992514]
[0.999993]
[0.00030775]
[0.9530822]
[0.00216061]
[0.999899]
[0.99996865]
[0.92043763]
[0.88542396]
[0.99255174]
[0.00058796]
[0.00050766]
[0.99997795]
[0.9999235]
[0.986859]
[0.00039352]
[0.00036125]
[0.9977342]
[0.99988085]
[0.9999669]
[0.99987745]
[0.9999802]
[0.9999805]
[0.6479458]
[0.00470779]
[0.99988395]
[0.9999579]
[0.0096622]
[0.709848]
[0.99992853]
[0.99999267]
[0.9998899]
[0.99997795]
[0.99988514]
[0.99997634]
[0.9975295]
[0.9999966]
[0.99999607]
[0.0298021]
[0.8427677]
[0.99992037]
[0.99998796]
[0.99999684]
[0.99999666]
[0.9999663]
[0.9999728]
[0.99992275]
[0.9999831]
[0.999889]
[0.99998033]
[0.9998886]
[0.9999642]
[0.8811636]
[0.0005064]
[0.99991965]
[0.99998134]
[0.00032917]
[0.94492817]
[0.9948477]
[0.99988794]
[0.99998164]
[0.99990064]
[0.9999789]
[0.9999805]
[0.999938]
[0.99999654]
[0.6479458]
[0.01417557]
[0.0010354]
[0.99993825]
[0.9999864]
[0.999878]
[0.99998134]
[0.01384497]
[0.00101539]
[0.9999297]
[0.9999949]
[0.99995846]
[0.99998283]
[0.99996805]
[0.9999828]
[0.999884]
[0.99998313]
[0.99990314]
[0.99998516]
[0.9999266]
[0.9999697]
[0.999911]
[0.9999864]
[0.99990165]
[0.999988]
[0.99997693]
[0.99999034]
[0.9999672]
[0.99998134]
[0.9999663]
[0.9999966]
[0.9999231]
[0.9999857]
[0.9999805]
[0.9999805]
[0.6479458]
[0.34548172]
[0.6479458]
[0.00203819]
[0.22359893]
[0.26718867]
[0.99920076]
[0.99863046]
[0.9994061]
[0.9986223]
[0.4195769]
[0.21579969]
[0.43040812]
[0.9998249]
[0.16058709]
[0.99907875]
[0.9984883]
[0.06547673]
[0.9996687]
[0.06579495]
[0.06571506]
[0.6953753]
[0.03871884]
[0.03871884]
[0.02225027]
[0.02225027]
[0.05921593]
[0.01835789]
[0.85395896]
[0.85395896]
[0.04078256]
[0.02242331]
[0.03818593]
[0.05251035]
[0.03871902]
[0.20059147]
[0.04659367]
[0.03871884]
[0.85395896]
[0.85395896]
[0.01089867]
[0.05836266]
[0.03871884]
[0.03871884]
[0.03871884]
[0.85395896]
[0.85395896]
[0.39218196]
[0.85395896]
[0.3644745]
[0.9997818]
[0.8656573]
[0.00843703]
[0.00843212]
[0.03871884]
[0.00103634]
[0.00103634]
[0.85395896]
[0.9992695]
[0.29168165]
[0.9909187]
[0.9986294]
[0.9994081]
[0.03871884]
[0.9986223]
[0.85395896]
[0.2893143]
[0.99845386]
[0.99931896]
[0.9985954]
[0.99927884]
[0.99862295]
[0.0656262]
[0.85395896]
[0.03871884]
[0.03871884]
[0.85395896]
[0.85395896]
[0.99999976]
[0.99999946]
[0.99931145]
[0.99858147]
[0.99981683]
[0.9972066]
[0.99924326]
[0.9986291]
[0.99941313]
[0.99862295]
[0.9991396]
[0.99862343]
[0.9991809]
[0.02097183]
[0.0022918]
[0.86252826]
[0.9893487]
[0.20058636]
[0.08071431]
[0.00573177]
[0.00618858]
[0.01015921]
[0.01015921]
[0.9999802]
[0.9985738]
[0.08793249]
[0.08792901]
[0.00573177]
[0.00573177]
[0.00573177]
[0.00573177]
[0.04818204]
[0.00668755]
[0.12110355]
[0.21205199]
[0.19732569]
[0.9242371]
[0.01415504]
[0.14026514]
[0.00287461]
[0.01015921]
[0.01015921]
[0.0057318]
[0.0057318]
[0.01171595]
[0.01015921]
[0.00573177]
[0.01905888]
[0.01229535]
[0.03877063]
[1.]
[0.13101771]
[1.]
[0.9978033]
[0.48497903]
[0.07271486]
[0.01015921]
[0.00573177]
[0.01781748]
[0.01239669]
[0.01015921]
[0.00573177]
[0.6130674]
[0.6985433]
[0.99999243]
[0.9999248]
[0.01015921]
[0.00573177]
[0.18811516]
[0.99999833]
[0.99807847]
[1.]
[0.997728]
[0.01151229]
[0.01405784]
[0.9999823]
[0.99849796]
[0.99997324]
[0.99795675]
[0.9999997]
[0.99846405]
[0.99997866]
[0.9980468]
[0.99997586]
[0.9982398]
[0.17637454]
[0.99998206]
[0.9982695]
[0.99999684]
[0.99996]
[0.5499811]
[0.98581773]
[0.99999917]
[0.9987311]
[0.9967155]
[0.01567635]
[0.9999998]
[0.9535045]
[0.99939483]
[0.01578539]
[0.01604792]
[0.1920637]
[0.72718716]
[0.72718716]
[0.1920637]
[0.01034333]
[0.1920637]
[0.1920637]
[0.9984167]
[0.9998544]
[0.12674123]
[0.9984952]
[0.9998505]
[0.9975726]
[0.9998117]
[0.72718716]
[0.85728234]
[0.1920637]
[0.04472434]
[0.02323599]
[0.9586232]
[0.99470377]
[0.99999505]
[0.99910855]
[0.9998526]
[0.72718716]
[0.72718716]
[0.9982869]
[0.9998539]
[0.1920637]
[0.1920637]
[0.00015498]
[0.72718716]
[0.72718716]
[0.0017378]
[0.00012088]
[0.1920637]
[0.00120868]
[0.1920637]
[0.9963089]
[0.99999636]
[0.99984324]
[0.9989456]
[0.99993384]
[0.99985]
[0.99840695]
[0.99985003]
[0.72718716]
[0.72718716]
[0.1920637]
[0.2528524]
[0.1920637]
[0.0001054]
[0.19929315]
[0.9982553]
[0.999857]
[0.39047527]
[0.9520846]
[0.9999986]
[0.9998503]
[0.99993044]
[0.9997178]
[0.9985437]
[0.9997631]
[1.]
[0.99969816]
[0.25599444]
[0.110221]
[0.00027208]
[0.00164966]
[0.9563471]
[0.00212057]
[0.96970356]
[0.00172143]
[0.00062419]
[0.97681]
[0.9998732]
[0.9999982]
[0.01193982]
[0.01553139]
[0.00071451]
[0.98438776]
[0.99987507]
[0.99999833]
[0.9999071]
[0.9999986]
[0.6541967]
[0.99988264]
[0.99999976]
[0.32719398]
[0.10879461]
[0.99991083]
[0.9999987]
[0.9998862]
[0.99274397]
[0.9999997]
[0.17725107]
[0.9918394]
[0.9998724]
[0.99999833]
[0.9913063]
[0.117501]
[0.15859824]
[0.99996483]
[0.5264206]
[0.9999963]
[0.6059209]
[0.99533457]
[0.328931]
[0.9999671]
[0.21812278]
[0.999952]
[0.33724558]
[0.9994593]
[0.8783029]
[0.9999534]
[0.17247938]
[0.99999917]
[0.15827025]
[0.99994725]
[0.6823632]
[0.9999927]
[0.20149197]
[0.99828774]
[0.97580945]
[0.9999999]
[0.78725195]
[0.06437381]
[0.20837875]
[0.9999971]
[0.99869204]
[0.01421931]
[0.24035172]
[0.67719615]
[0.10500619]
[0.10500619]
[0.9999949]
[0.99887896]
[0.99999547]
[0.99882895]
[0.9999975]
[0.9988335]
[0.9999945]
[0.9988673]
[0.9999981]
[0.99795157]
[0.32203388]
[0.99999803]
[0.9988657]
[0.9999926]
[0.99879664]
[0.01421931]
[0.99999166]
[0.99889433]
[0.9999985]
[0.9987269]
[0.01421931]
[0.9999747]
[0.99854445]
[0.87792355]
[0.99030197]
[0.99817973]
[0.99999964]
[0.9996942]
[0.9999977]
[0.99947804]
[0.9999974]
[0.99925596]
[0.99999917]
[0.9998461]
[0.9999984]
[0.9993586]
[0.9999936]
[0.99902564]
[0.99999857]
[0.9997144]
[1.]
[0.9997963]
[0.0778335]
[0.0778335]
[0.1419472]
[0.03571458]
[0.00091426]
[0.1419472]
[0.02017861]
[0.9962626]
[0.99906385]
[0.8615445]
[0.9999933]
[0.98874056]
[0.9991419]
[0.9641243]
[0.9995189]
[0.8731758]
[0.9994205]
[0.9295016]
[0.9724719]
[0.99910605]
[0.9315543]
[0.9915527]
[0.16559915]
[0.08576687]
[0.074315]
[0.00256798]
[0.9999981]
[0.9978565]
[0.9999936]
[0.8699139]
[0.99882764]
[0.8943746]
[0.999989]
[0.9998865]
[0.9999254]
[0.9954841]
[0.9646249]
[0.99341553]
[0.96943617]
[0.03685856]
[0.00220719]
[0.9992272]
[0.9661418]
[0.9802007]
[0.96877444]
[0.6468643]
[0.9999381]
[0.98030084]
[0.999971]
[0.9766477]
[0.9998896]
[0.97269887]
[0.9999962]
[0.9665918]
[0.9948789]
[0.9715305]
[0.9923121]
[0.9716956]
[0.9999298]
[0.9821313]
[0.9978162]
[0.9999988]
[0.9977531]
[0.4132043]
[0.9999991]
[0.15400288]
[0.99847937]
[0.28460938]
[0.99999815]
[0.27623615]
[0.9992479]
[0.2580759]
[0.9990159]
[0.04116958]
[0.9999982]
[0.25312075]
[0.9995032]
[0.0405798]
[0.99919266]
[0.2676758]
[1.]
[0.19003457]
[1.]
[0.27243277]
[0.9999999]
[0.33527458]
[1.]
[0.2824643]
[1.]
[0.45461172]
[0.9923229]
[0.7192812]
[0.9980356]
[0.6096191]
[1.]
[0.16886449]
[0.99999994]
[0.16916814]
[0.9977209]
[0.1849448]
[1.]
[0.1849448]
[0.02092452]
[0.9993015]
[0.97691983]
[0.5126959]
[0.9713832]
[0.69956076]
[0.6913636]
[0.9564432]
[0.9564432]
[0.80920976]
[0.62135863]
[0.80920976]
[0.00653774]
[0.00622038]
[0.5265206]
[0.9692282]
[0.70868784]
[0.9564432]
[0.9564432]
[0.80920976]
[0.00132048]
[0.53772867]
[0.00155621]
[0.9691699]
[0.80920976]
[0.521757]
[0.96961194]
[0.5220785]
[0.9716032]
[0.5246084]
[0.9762705]
[0.52368844]
[0.97150236]
[0.52473503]
[0.96923333]
[0.5207996]
[0.9715153]
[0.52547634]
[0.969715]
[0.9564432]
[0.51125765]
[0.80920976]
[0.22992976]
[0.9715443]
[0.05038613]
[0.00029389]
[0.00180328]
[0.9959526]
[0.01712206]
[0.4099168]
[0.8907545]
[0.9637792]
[0.9999963]
[0.99889094]
[0.9999945]
[0.99861985]
[0.18434875]
[0.0049321]
[0.99320275]
[0.01754865]
[0.9999958]
[0.99775434]
[0.99999577]
[0.99761575]
[0.9999953]
[0.99762434]
[0.9999979]
[0.99993145]
[0.9999939]
[0.9990116]
[0.99999666]
[0.9995454]
[0.00150205]
[0.00431921]
[0.9999989]
[0.99905187]
[0.99999684]
[0.99895275]
[0.99999493]
[0.99800557]
[0.00029389]
[0.00180328]
[0.9959526]
[0.01712206]
[0.4099168]
[0.8907545]
[0.9637792]
[0.9999963]
[0.99889094]
[0.9999945]
[0.99861985]
[0.18434875]
[0.0049321]
[0.99320275]
[0.01754865]
[0.9999958]
[0.99775434]
[0.99999577]
[0.99761575]
[0.9999953]
[0.99762434]
[0.9999979]
[0.99993145]
[0.9999939]
[0.9990116]
[0.99999666]
[0.9995454]
[0.00150205]
[0.00431921]
[0.9999989]
[0.99905187]
[0.99999684]
[0.99895275]
[0.99999493]
[0.99800557]
[0.42098305]
[0.9297318]
[0.3920469]
[0.89252734]
[0.3193115]
[0.99730486]
[0.99905473]
[0.99897903]
[0.92419654]
[0.9964863]
[0.9363926]
[0.40559152]
[0.94012725]
[0.99747163]
[0.91015315]
[0.40317905]
[0.93340707]
[0.06684463]
[0.00708281]
[0.38960713]
[0.8904855]
[0.99908924]
[0.99999046]
[0.8319838]
[0.36840454]
[0.9225949]
[0.0057784]
[0.9999928]
[0.8901029]
[0.99998844]
[0.90427387]
[0.9999942]
[0.8818517]
[0.18995829]
[0.43685505]
[0.99999094]
[0.05207669]
[0.90963596]
[0.07763732]
[0.9999305]
[0.11928745]
[0.999969]
[0.03534526]
[0.99999857]
[0.03534556]
[0.8155007]
[0.7868063]
[0.43417114]
[0.34064788]
[0.00022313]
[0.00014377]
[0.99986684]
[0.9987263]
[0.999235]
[0.9875883]
[0.9987724]
[0.98704445]
[0.00096676]
[0.1403979]
[0.99965894]
[0.99871206]
[0.9999156]
[0.99394]
[0.9998432]
[0.15084021]
[0.99927264]
[0.9858858]
[0.99960905]
[0.9904597]
[0.99899167]
[0.9871399]
[0.9998092]
[0.99405617]
[0.9994016]
[0.98625666]
[0.98876613]
[0.21296135]
[0.92271805]
[0.23531888]
[0.7828826]
[0.9996313]
[0.99998385]
[0.97749233]
[0.9999973]
[0.88017]
[0.1833386]
[0.9409658]
[0.15962768]
[0.021302]
[0.021302]
[0.07458743]
[0.07458743]
[0.00103794]
[0.00056695]
[0.99962133]
[0.09905514]
[0.99999714]
[0.98576385]
[0.99999565]
[0.547721]
[0.99247867]
[0.70579684]
[0.28364563]
[0.48730767]
[0.7122866]
[0.9935022]
[0.9989633]
[0.99343747]
[0.99910676]
[0.9652229]
[0.25097284]
[0.64073986]
[0.9998091]
[0.94687545]
[0.7195926]
[0.29646674]
[0.000735]
[0.000735]
[0.8471145]
[0.8471145]
[0.8471145]
[0.23715404]
[0.00158945]
[0.000735]
[0.000735]
[0.03317259]
[0.47330168]
[0.8471145]
[0.8471145]
[0.12916125]
[0.9760488]
[0.97601503]
[0.000735]
[0.56629324]
[0.6852869]
[0.05642268]
[0.5664451]
[0.99988514]
[0.8471145]
[0.01272314]
[0.9969903]
[0.1868511]
[0.878537]
[0.000735]
[0.87053967]
[0.13172428]
[0.24425316]
[0.9974105]
[0.8471145]
[0.8471145]
[0.07358914]
[0.9999978]
[0.36793244]
[0.000735]
[0.8471145]
[0.00333794]
[0.6796694]
[0.9995748]
[0.9991226]
[0.8471145]
[0.9999819]
[0.99999785]
[0.9999771]
[0.6966101]
[0.9959945]
[0.9931422]
[0.8471145]
[0.9991256]
[0.000735]
[0.000735]
[0.8471145]
[0.8471145]
[0.01283472]
[0.01749305]
[0.99997956]
[0.9990848]
[0.9999926]
[0.9999602]
[0.99993837]
[0.9990232]
[0.9997546]
[0.999958]
[0.9999946]
[0.9999425]
[0.87794614]
[0.01239472]
[0.00194814]
[0.99999964]
[0.9998108]
[0.9999991]
[0.9996999]
[0.9999991]
[0.9996924]
[0.9999998]
[0.9999336]
[0.9999998]
[0.99993217]
[0.9999985]
[0.9998462]
[0.08808037]
[0.9999984]
[0.15876785]
[0.9932702]
[0.97749496]
[0.0010606]
[0.99979055]
[0.8006065]
[0.99359757]
[0.00018498]
[0.9999977]
[0.9998215]
[0.9999975]
[0.9999989]
[0.9999998]
[0.9999761]
[0.8872818]
[0.99999917]
[0.9998064]
[0.9999981]
[0.99982244]
[0.99999857]
[0.999759]
[0.9991547]
[0.99904054]
[0.01844987]
[0.01844987]
[0.07851508]
[0.07851508]
[0.00482763]
[0.0005061]
[0.9991795]
[0.9990872]
[0.88637817]
[0.9998871]
[0.99992585]
[0.97895056]
[0.98209083]
[0.99914855]
[0.9990918]
[0.99991095]
[0.99994653]
[0.9991012]
[0.99907887]
[0.999162]
[0.99906343]
[0.9999135]
[0.99907076]
[0.00015223]
[0.04463834]
[0.99919254]
[0.99901164]
[0.01844987]
[0.01844986]
[0.07851499]
[0.07851508]
[4.367219e-05]
[0.01652446]
[0.9991861]
[0.0018901]
[0.9990588]
[0.99712944]
[0.9991693]
[0.9990654]
[0.8801977]
[0.40277037]
[0.99889433]
[0.9689628]
[0.9988168]
[0.9286903]
[0.00420979]
[0.00011286]
[0.9990138]
[0.98177844]
[0.99903107]
[0.9748154]
[0.9989708]
[0.9825117]
[0.99955535]
[0.99682075]
[0.99859124]
[0.92993176]
[0.9985113]
[0.9999984]
[0.99908495]
[0.99868226]
[0.9997916]
[0.980823]
[0.99973315]
[0.9968124]
[0.9989535]
[0.9491891]
[0.9999938]
[0.997738]
[0.9951639]
[0.31216106]
[0.9999995]
[0.16321331]
[0.99888736]
[0.9975967]
[0.9999998]
[0.17850575]
[0.9998654]
[0.1440547]
[0.9999992]
[0.16108938]
[0.9999961]
[0.16618429]
[0.99999666]
[0.16670151]
[0.99979967]
[0.97655225]
[0.99993944]
[0.16738631]
[0.9999883]
[0.9968151]
[0.99560064]
[0.32798243]
[0.9999989]
[0.15818322]
[0.99899065]
[0.99922675]
[0.9999996]
[0.17990835]
[0.9998905]
[0.15738635]
[0.9999978]
[0.15512529]
[0.99999225]
[0.16529685]
[0.99999374]
[0.1665366]
[0.9997887]
[0.9862053]
[0.99995404]
[0.16014062]
[0.9979885]
[0.17213356]
[0.9950308]
[0.17327426]
[0.9982883]
[0.00966316]
[0.9999643]
[0.9996899]
[0.9999487]
[0.99968255]
[0.999996]
[0.99999946]
[0.9999671]
[0.7114209]
[0.7193698]
[0.7193698]
[0.9993915]
[0.517038]
[0.3226741]
[0.14185211]
[0.14185211]
[0.3226741]
[0.9663637]
[0.3226741]
[0.08609505]
[0.9999468]
[0.12634858]
[0.99303776]
[0.9996648]
[0.99288666]
[0.7193698]
[0.7193698]
[0.9992236]
[0.08595023]
[0.792588]
[0.78222716]
[0.3226741]
[0.3226741]
[0.06683486]
[0.7193698]
[0.6234367]
[0.68934053]
[0.0004848]
[0.09053773]
[0.04977189]
[0.3226741]
[0.7750691]
[0.75323105]
[0.16928296]
[0.12727875]
[0.99994755]
[0.99967706]
[0.3226741]
[0.6571545]
[0.4187933]
[0.7193698]
[0.3226741]
[0.03538473]
[0.5614169]
[0.9999546]
[0.9996879]
[0.99994934]
[0.9996868]
[0.7193698]
[0.7193698]
[0.3226741]
[0.32267472]
[0.9997889]
[0.996003]
[0.99995524]
[0.9996952]
[0.9999749]
[0.99962664]
[0.99995273]
[0.99834186]
[0.999376]
[0.6298004]
[0.9999706]
[0.999883]
[0.9999746]
[0.7820531]
[0.99987197]
[0.00134898]
[0.99997133]
[0.9961622]
[0.99915]
[0.47921917]
[0.9385043]
[0.0342164]
[0.0280068]
[0.02793453]
[0.34758037]
[0.07611895]
[0.07611895]
[0.99998415]
[0.9999684]
[0.9999766]
[0.30232438]
[0.30232438]
[0.99988943]
[0.03686258]
[0.83259284]
[0.34758037]
[0.74944514]
[0.34758037]
[0.97335607]
[0.7303876]
[0.3475806]
[0.20963693]
[0.02179872]
[0.07611895]
[0.34758037]
[0.03218912]
[0.07322977]
[0.07611895]
[0.34758037]
[0.38272104]
[0.10658852]
[0.04572087]
[0.99926865]
[0.04497592]
[0.12439415]
[0.07611895]
[0.34758037]
[0.00287213]
[0.03408156]
[0.9999945]
[0.99987054]
[0.99998057]
[0.99988735]
[0.38051033]
[0.43904552]
[0.99999106]
[0.9999906]
[0.07611895]
[0.07611895]
[0.34758037]
[0.34758037]
[0.99997264]
[0.9998864]
[0.999973]
[0.99987483]
[0.9939853]
[0.9998954]
[0.99998486]
[0.9999039]
[0.4905131]
[0.61170924]
[0.9999632]
[0.99987787]
[0.9999683]
[0.8162296]
[0.9998674]
[0.00142466]
[0.9999641]
[0.99588823]
[0.99926376]
[0.5560988]
[0.9408117]
[0.02471446]
[0.02011644]
[0.02006323]
[0.29792246]
[0.04608159]
[0.04608159]
[0.9999796]
[0.9999641]
[0.9999706]
[0.2900976]
[0.2900976]
[0.9998853]
[0.02656857]
[0.8407837]
[0.29792246]
[0.7630308]
[0.29792246]
[0.97655165]
[0.7638144]
[0.29792207]
[0.15784593]
[0.02305513]
[0.04608159]
[0.29792246]
[0.02344227]
[0.05914224]
[0.04608159]
[0.29792246]
[0.35333636]
[0.11946315]
[0.03381378]
[0.9987668]
[0.03179101]
[0.0993149]
[0.04608159]
[0.29792246]
[0.00232706]
[0.02889815]
[0.999992]
[0.99986607]
[0.9999756]
[0.9998828]
[0.3869835]
[0.47087651]
[0.9999871]
[0.9999886]
[0.04608159]
[0.04608159]
[0.29792246]
[0.29792246]
[0.9999658]
[0.9998816]
[0.9999663]
[0.99987006]
[0.99621344]
[0.99989086]
[0.9999806]
[0.99989873]
[0.49539495]
[0.99944496]
[0.02660982]
[0.81590253]
[0.91185445]
[0.99999255]
[0.91185445]
[0.91185445]
[0.31039494]
[0.31039494]
[0.10700741]
[0.99971277]
[0.39723417]
[0.9991154]
[0.99993193]
[0.91185445]
[0.91185445]
[0.00318716]
[0.10700741]
[0.10700741]
[0.10700741]
[0.9999981]
[0.6375303]
[0.0558618]
[0.4001844]
[0.84189606]
[0.03249395]
[0.20314999]
[0.91185445]
[0.19930337]
[0.10700741]
[0.81094736]
[0.9999996]
[0.35407162]
[0.16715005]
[0.9129778]
[0.00318716]
[0.40021217]
[0.03283092]
[0.997727]
[0.9974411]
[0.8432576]
[0.24388348]
[0.9999229]
[0.9998819]
[0.91185445]
[0.99988914]
[0.10700741]
[0.77441925]
[0.99945366]
[0.21196179]
[0.03435836]
[0.03689634]
[0.08245696]
[0.09680268]
[0.99992234]
[0.99970376]
[0.99979067]
[0.9997454]
[0.0003331]
[0.00033313]
[0.0007056]
[0.0007056]
[0.01812614]
[0.9999759]
[0.00843985]
[0.9998654]
[0.9999623]
[0.99945074]
[0.9998184]
[0.9994257]
[0.9998846]
[0.99977165]
[0.99992645]
[0.9997658]
[0.14829521]
[0.14829521]
[0.9996451]
[0.01661033]
[0.01661033]
[0.67276824]
[0.9342605]
[0.96285105]
[0.6524817]
[0.04737541]
[0.01722252]
[0.01492373]
[0.18508658]
[0.0167616]
[0.99998504]
[0.97092354]
[0.9028295]
[0.14829521]
[0.14829521]
[0.02846321]
[0.11473756]
[0.11389341]
[0.01291062]
[0.01267388]
[0.2098629]
[0.2098629]
[0.01466001]
[0.14829521]
[0.94961244]
[0.9998958]
[0.1850864]
[0.14829542]
[0.14829521]
[0.999999]
[0.9983055]
[0.9874733]
[0.0146868]
[0.38008183]
[0.9808415]
[0.32229552]
[0.8572036]
[0.2098629]
[0.9970991]
[0.14829521]
[0.21807496]
[0.86964935]
[0.35722658]
[0.99984443]
[0.99977124]
[0.99997455]
[0.9998706]
[0.2098629]
[0.2098629]
[0.14829521]
[0.14829521]
[0.18304093]
[0.34566244]
[0.999974]
[0.9998535]
[0.99997777]
[0.99980056]
[0.9999856]
[0.9999741]
[0.9999102]
[0.99980474]
[0.9999792]
[0.99994]
[0.99998385]
[0.9999696]
[0.9999752]
[0.9998779]
[0.99996984]
[0.9992305]
[0.999969]
[0.9997817]
[0.01580777]
[0.99801224]
[0.02894332]
[0.02887644]
[0.6810883]
[0.6810883]
[0.92283636]
[0.92283636]
[0.99999344]
[0.35834107]
[0.05731686]
[0.02476461]
[0.90026474]
[0.9999444]
[0.9991452]
[0.99999774]
[0.9999992]
[0.9960323]
[0.02610858]
[1.]
[0.74413395]
[0.22222918]
[0.8998193]
[0.99999785]
[0.99924207]
[0.10245282]
[0.01584239]
[0.01584239]
[0.00439869]
[0.02429526]
[0.5901458]
[0.35834128]
[0.6810893]
[0.7123798]
[0.6810883]
[0.05554713]
[0.9999965]
[0.01584239]
[0.1119416]
[0.6810883]
[0.96460176]
[0.8444547]
[0.9999971]
[0.01584239]
[0.6810883]
[0.01491534]
[0.1903308]
[0.99987715]
[0.99897546]
[0.02865139]
[0.06999362]
[0.99987614]
[0.99890697]
[0.01472845]
[0.01472845]
[0.01584239]
[0.01584239]
[0.6810883]
[0.3647718]
[0.99987864]
[0.9990031]
[0.6810883]
[0.00335892]
[0.01588223]
[0.99987674]
[0.99899596]
[0.99988115]
[0.99895865]
[0.01584239]
[0.01584239]
[0.6810883]
[0.6810883]
[1.]
[0.9999967]
[0.9999995]
[0.9998991]
[0.9998796]
[0.9990028]
[0.9999317]
[0.9990121]
[1.1844371e-05]
[0.9990166]
[0.99795103]
[0.9990273]
[0.9979605]
[0.17858666]
[0.4342624]
[0.9992605]
[0.99723774]
[0.9996635]
[0.99944085]
[0.99904275]
[0.9979492]
[0.8186349]
[0.9417489]
[0.94254136]
[0.99995106]
[0.8211518]
[0.95513415]
[0.9869099]
[0.9981025]
[0.9598696]
[0.9284061]
[0.9990271]
[0.85520977]
[0.96587545]
[0.9207808]
[0.9757307]
[0.3118861]
[0.3118861]
[0.9999861]
[0.163748]
[0.15445004]
[0.3968449]
[0.98951954]
[0.62870777]
[0.62870777]
[0.99537486]
[0.9989682]
[0.99795]
[0.65671134]
[0.65671134]
[0.65671134]
[0.2650904]
[0.96479535]
[0.94550246]
[0.06601074]
[0.65671134]
[0.33197153]
[0.0103824]
[0.62870777]
[0.9990231]
[0.99795145]
[0.7901286]
[0.65671134]
[0.97308534]
[0.8217472]
[0.00625373]
[0.29603902]
[0.15325904]
[0.16500394]
[0.00937717]
[0.99745065]
[0.9818026]
[0.62870836]
[0.65671134]
[0.06476505]
[0.6518985]
[0.9990819]
[0.9992062]
[0.9993922]
[0.9978702]
[0.84168375]
[0.74834406]
[0.91579247]
[0.18800078]
[0.5316467]
[0.9167956]
[0.41298443]
[0.7909895]
[0.9170679]
[0.7866739]
[0.91397876]
[0.22889096]
[0.3460687]
[0.9991928]
[0.22220895]
[0.9999932]
[0.91873765]
[0.6206334]
[0.25981078]
[0.97069436]
[0.8913756]
[0.8863535]
[0.9985338]
[0.762905]
[0.9188954]
[0.7678771]
[0.9166345]
[0.9303957]
[0.64643216]
[0.0193988]
[0.99998105]
[0.9694618]
[0.998069]
[0.95572084]
[0.99999726]
[0.9665276]
[0.99957967]
[0.975913]
[0.99918735]
[0.96311265]
[0.9996077]
[0.99786896]
[0.61972344]
[0.61972344]
[0.52092385]
[0.00237573]
[0.00857832]
[0.52092385]
[0.9997196]
[0.97281414]
[0.99937564]
[0.96405524]
[0.9989721]
[0.96142673]
[0.17101812]
[0.9992319]
[0.10013807]
[0.9614406]
[0.99996954]
[0.99668497]
[0.99856275]
[0.968262]
[0.9997619]
[0.96509254]
[0.61972344]
[0.52092385]
[0.02489538]
[8.9574314e-05]
[0.9998304]
[0.991127]
[0.9046242]
[0.99980605]
[0.99692875]
[0.984122]
[0.9881213]
[0.99970436]
[0.3059701]
[0.3059701]
[0.99682975]
[0.26802915]
[0.9697196]
[0.21974216]
[0.9872782]
[5.165418e-05]
[0.26802915]
[0.3059701]
[0.3059701]
[0.26802915]
[0.3059701]
[0.26802915]
[0.4418658]
[0.26802915]
[2.8795868e-05]
[0.9535831]
[0.04618374]
[0.96550465]
[0.9877839]
[0.98676914]
[0.990711]
[0.9840623]
[0.9956529]
[0.99837476]
[0.9903145]
[0.99966925]
[0.8680547]
[0.9819034]
[0.99238026]
[0.97837615]
[0.9924636]
[0.9998304]
[0.991127]
[0.9046242]
[0.99980605]
[0.99692875]
[0.984122]
[0.9881213]
[0.99970436]
[0.3059701]
[0.3059701]
[0.99682975]
[0.26802915]
[0.9697196]
[0.21974216]
[0.9872782]
[5.165418e-05]
[0.26802915]
[0.3059701]
[0.3059701]
[0.26802915]
[0.3059701]
[0.26802915]
[0.4418658]
[0.26802915]
[2.8795868e-05]
[0.9535831]
[0.04618374]
[0.96550465]
[0.9877839]
[0.98676914]
[0.990711]
[0.9840623]
[0.9956529]
[0.99837476]
[0.9903145]
[0.99966925]
[0.8680547]
[0.9819034]
[0.99238026]
[0.97837615]
[0.9924636]
[1.]
[0.9999829]
[0.9960637]
[0.99273413]
[0.3043287]
[0.99963474]
[0.01582187]
[0.29739124]
[0.16920914]
[0.55295444]
[0.999944]
[0.7948961]
[0.99513716]
[0.06601208]
[0.9999412]
[0.27233374]
[0.9975682]
[0.01613453]
[0.29739124]
[0.10730121]
[0.10730121]
[0.29739124]
[0.29739124]
[0.2777106]
[0.08796087]
[0.9350525]
[0.99647033]
[0.05429066]
[0.93055755]
[0.99513286]
[0.06569251]
[0.9331752]
[0.99546397]
[0.0145812]
[0.29739124]
[0.93383455]
[0.9954129]
[0.926186]
[0.9950298]
[0.9973636]
[0.9975571]
[0.93378407]
[0.9951243]
[0.9304392]
[0.99494755]
[0.923938]
[0.9978397]
[0.16690286]
[0.01172568]
[0.64877486]
[0.64877486]
[0.00348244]
[0.99999833]
[0.91086113]
[0.0009484]
[0.16664065]
[0.6293838]
[0.6293838]
[0.64877486]
[0.64877486]
[0.7045337]
[0.99336976]
[0.60273325]
[0.00208868]
[0.01119216]
[0.22206086]
[0.9999376]
[0.9999883]
[0.9999479]
[0.9999922]
[0.98496044]
[0.97911394]
[0.9999174]
[0.99999285]
[0.9999452]
[0.999992]
[0.71223664]
[0.8348426]
[0.9999976]
[0.98649573]
[0.91495866]
[0.99999994]
[0.68673044]
[0.99949884]
[0.10214961]
[0.10215206]
[0.9999997]
[0.09337876]
[0.9999996]
[0.00575398]
[0.00575398]
[0.64877486]
[0.6293838]
[0.08690543]
[0.64877486]
[0.99994344]
[0.9999882]
[0.2105238]
[0.00493849]
[0.02321041]
[0.9999481]
[0.9999904]
[0.6293838]
[0.64877486]
[0.04985076]
[0.03953911]
[0.6293838]
[0.64877486]
[0.56774616]
[0.6293839]
[0.6487752]
[0.9385987]
[0.9997691]
[0.99991226]
[0.99998635]
[0.6293838]
[0.6293838]
[0.9999964]
[0.64877486]
[0.9999887]
[0.64877486]
[0.9405022]
[0.9997444]
[0.9999357]
[0.99999]
[0.989126]
[0.12038644]
[0.93709564]
[0.6487099]
[0.96135]
[0.9999666]
[0.9999752]
[0.99996847]
[0.9999411]
[0.9999698]
[0.9978975]
[0.9985473]
[0.99997294]
[0.08990823]
[0.08990823]
[0.7862557]
[0.9538455]
[0.9999618]
[0.9998801]
[0.99997]
[0.9999561]
[0.99995893]
[0.999584]
[0.99996877]
[0.9999595]
[0.9999553]
[0.99986607]
[0.999968]
[0.99997276]
[0.99996436]
[0.9999281]
[0.99996847]
[0.99997383]
[0.99997175]
[0.9999913]
[0.00030978]
[0.0056886]
[0.99991965]
[0.9769434]
[0.32931653]
[0.99988115]
[0.9769352]
[0.99986976]
[0.9729706]
[0.931432]
[0.931432]
[0.907581]
[0.06609251]
[0.06609251]
[0.06609251]
[0.999994]
[0.9999997]
[0.99988055]
[0.9721256]
[0.9998545]
[0.97614515]
[0.9998985]
[0.97074276]
[0.99997187]
[0.94651556]
[0.9999365]
[0.9173318]
[0.25297847]
[1.]
[0.57392377]
[0.26060054]
[0.9974414]
[0.9993716]
[0.5778346]
[0.9998433]
[0.22787443]
[1.]
[0.2860126]
[1.]
[0.2636428]
[0.9999999]
[0.2962026]
[0.99984944]
[0.17993428]
[1.]
[0.23473108]
[0.9995803]
[0.24519451]
[1.]
[0.27482742]
[0.99999905]
[0.2768899]
[1.]
[0.99862623]
[0.01307517]
[0.8889003]
[0.00048756]
[0.14184478]
[0.99994826]
[0.99996233]
[0.99994797]
[0.9999678]
[0.03830641]
[0.97608745]
[0.02383957]
[0.01216688]
[0.9999459]
[0.9999709]
[0.79446876]
[0.08716924]
[0.0004983]
[0.9999501]
[0.9999589]
[0.9999459]
[0.99997085]
[0.9993063]
[0.9989995]
[0.9998291]
[0.89234346]
[0.7636915]
[0.01578953]
[0.02343701]
[0.9999483]
[0.99991]
[0.98032004]
[0.9999483]
[0.9999516]
[0.06731392]
[0.00044081]
[0.9999458]
[0.99997383]
[0.99994856]
[0.9999557]
[0.9999017]
[0.07686061]
[0.01513677]
[0.00050485]
[0.02465569]
[0.99994624]
[0.9999609]
[0.9998291]
[0.99994874]
[0.9999604]
[0.99994636]
[0.99997085]
[0.12451899]
[0.00528346]
[0.17196454]
[0.8606792]
[0.99940103]
[0.9990056]
[0.97290677]
[0.5137539]
[0.49870908]
[0.99999076]
[0.9999999]
[0.61154294]
[0.44107637]
[0.9993234]
[0.9987409]
[0.9999619]
[0.9993333]
[0.6316097]
[0.94410074]
[0.9825229]
[0.9998862]
[0.9986732]
[0.99894553]
[0.00196123]
[0.718405]
[0.99969107]
[0.00185507]
[0.0018915]
[0.12451899]
[0.12009721]
[0.12009736]
[0.99999547]
[0.01385474]
[0.01385474]
[0.99999446]
[0.12451899]
[0.12451899]
[0.99851674]
[0.02290858]
[0.64982355]
[0.00101867]
[0.99999857]
[0.12451899]
[1.]
[0.12009721]
[0.12009721]
[0.12451899]
[0.6225811]
[0.12451899]
[0.9938662]
[0.8880088]
[0.12009721]
[0.12451899]
[0.00730768]
[0.27294227]
[0.9980847]
[0.9999639]
[0.9999394]
[0.99959123]
[0.99889076]
[0.12009721]
[0.12009721]
[0.1245188]
[0.1245188]
[0.94044447]
[0.9791694]
[0.9993106]
[0.9988325]
[0.9993431]
[0.99858165]
[0.9993667]
[0.99887943]
[0.99608463]
[0.08377711]
[0.08377711]
[0.6596843]
[0.8553]
[0.1568444]
[0.55929166]
[0.00068526]
[0.8643151]
[0.8643151]
[0.6990961]
[0.0059679]
[0.12697026]
[0.08969172]
[0.08663297]
[0.08377711]
[0.136061]
[0.7973491]
[0.8068873]
[0.9999861]
[0.08377711]
[0.99998206]
[0.99922687]
[0.8643151]
[0.99999636]
[0.08377711]
[0.9834306]
[0.24875875]
[0.99376017]
[0.17416377]
[0.5442623]
[0.16398127]
[0.00877938]
[0.9999958]
[0.08377711]
[0.9997191]
[0.9996304]
[0.61507374]
[0.22877274]
[0.8643151]
[0.08377711]
[0.78391695]
[0.74804556]
[0.9999829]
[0.9991863]
[0.9999887]
[0.99919903]
[0.8643151]
[0.08377711]
[0.8643151]
[0.8643151]
[0.08377711]
[0.08377711]
[0.98168904]
[0.48995194]
[0.9999824]
[0.99921614]
[1.]
[1.]
[0.9999943]
[0.9999988]
[1.]
[0.99999535]
[0.99998623]
[0.99932563]
[0.99998534]
[0.9991969]
[0.99998474]
[0.9991857]
[0.9954746]
[0.00079874]
[0.20632958]
[0.99984956]
[0.2871479]
[0.99999696]
[0.82141423]
[0.99986947]
[0.9999977]
[0.4654276]
[0.00159453]
[0.75035894]
[0.18731181]
[0.0033817]
[0.82141423]
[0.82141423]
[0.4654276]
[0.4654276]
[0.00979461]
[0.99333763]
[0.00182159]
[0.82666457]
[0.00644719]
[0.00166579]
[0.00296512]
[0.9999329]
[0.9999958]
[0.00219315]
[0.9998768]
[0.99999577]
[0.8214144]
[0.8214144]
[0.4654276]
[0.00187471]
[0.4654276]
[0.9999829]
[0.999984]
[0.99984425]
[0.9999974]
[0.82141423]
[0.4654276]
[0.02598696]
[0.99994236]
[0.9999963]
[0.03641623]
[0.01804427]
[0.01221115]
[0.99985135]
[0.99999565]
[0.9998522]
[0.99999696]
[0.00068341]
[0.8279405]
[0.9998411]
[0.9999955]
[0.01768152]
[0.01619186]
[0.99987364]
[0.9999983]
[0.9998462]
[0.9999973]
[0.99999326]
[0.978329]
[0.08116254]
[0.9998586]
[0.9999979]
[0.11942513]
[0.99999994]
[1.]
[0.7321318]
[0.02614011]
[0.03089241]
[0.9978787]
[0.00010497]
[0.9974843]
[0.93583596]
[0.4502704]
[0.97205144]
[0.22260992]
[0.9829645]
[0.9999858]
[0.03198951]
[0.9999999]
[0.90775776]
[0.9999248]
[0.9978932]
[0.9891666]
[0.99999666]
[0.29067087]
[0.38435096]
[0.00522377]
[0.8759831]
[0.97205144]
[0.9999999]
[0.29067087]
[0.38435096]
[0.9175457]
[0.10016048]
[0.9999857]
[0.1588334]
[0.00129667]
[0.9868087]
[0.999948]
[0.9061885]
[0.98971707]
[0.9999856]
[0.9046282]
[0.999961]
[0.7154898]
[0.0360758]
[0.29067087]
[0.38435096]
[0.3825044]
[0.12962767]
[0.00559576]
[0.936191]
[0.99087375]
[0.9999822]
[0.9912743]
[0.9999863]
[0.18498096]
[0.9978753]
[0.97205144]
[0.99793077]
[0.94736093]
[0.9968534]
[0.00048897]
[0.9973958]
[0.9175038]
[0.9973391]
[0.9100482]
[0.9973793]
[0.90238655]
[0.9981101]
[0.9409754]
[0.9982845]
[0.9999966]
[0.0026501]
[0.99809796]
[0.6836283]
[0.00044258]
[0.0111558]
[0.00020261]
[0.9976987]
[0.90867347]
[0.99859136]
[0.966014]
[0.99805915]
[0.9213022]
[0.99101186]
[0.9977473]
[0.9212083]
[0.6836283]
[0.00542389]
[0.00538915]
[0.0051121]
[0.00014255]
[0.00012731]
[0.00012751]
[0.9983961]
[0.9504877]
[0.9980703]
[0.9626246]
[0.8683544]
[0.95503145]
[0.9988038]
[0.9184324]
[0.9998538]
[0.9098898]
[0.7139917]
[0.7139917]
[0.35249442]
[0.00164731]
[0.35249442]
[0.00326221]
[0.9697694]
[0.60008705]
[0.0326391]
[0.9730543]
[0.9835594]
[0.60621655]
[0.97564274]
[0.646829]
[0.9901795]
[0.75220436]
[0.9554403]
[0.60126144]
[0.9493412]
[0.6081974]
[0.99863595]
[0.00170323]
[0.00061852]
[0.97803885]
[0.60660195]
[0.7139917]
[0.35249448]
[0.00138572]
[0.9983149]
[0.00106558]
[0.6109231]
[0.00279942]
[0.7139917]
[0.7139917]
[0.35249442]
[0.35249442]
[0.00037008]
[0.00082106]
[0.00196091]
[0.9702319]
[0.9992012]
[0.9989927]
[0.60424817]
[0.9513203]
[0.9989838]
[0.06398045]
[0.04452423]
[0.01221584]
[0.03964054]
[7.128312e-06]
[0.00425924]
[0.99952257]
[0.99997926]
[0.7543627]
[0.9997703]
[0.9999977]
[0.94534844]
[0.999558]
[0.99997807]
[0.9106728]
[0.46027106]
[2.725765e-05]
[0.9999897]
[0.00888034]
[0.9999986]
[0.99967533]
[0.99997777]
[0.00413149]
[0.00204197]
[0.7543627]
[0.67881846]
[0.00349855]
[0.9995269]
[0.9999816]
[0.00313154]
[0.99996513]
[0.99995863]
[0.9995004]
[0.99994975]
[0.7543627]
[0.7543627]
[0.67881846]
[0.67881846]
[0.7543627]
[0.7543627]
[0.00013555]
[0.06832559]
[0.67881846]
[0.67881846]
[0.00090663]
[0.00957124]
[0.99995565]
[0.9994278]
[0.9999534]
[0.00152558]
[0.9942302]
[0.99944]
[0.9999451]
[0.99945223]
[0.99994373]
[0.9995016]
[0.9999505]
[0.7779554]
[0.9978419]
[0.99939597]
[0.95175666]
[0.99936557]
[0.99951994]
[0.99882555]
[0.9995779]
[0.9979331]
[0.9992617]
[0.9993115]
[0.99968]
[0.99825686]
[0.9992855]
[0.9981043]
[0.999566]
[0.9981008]
[0.99967706]
[0.9977862]
[0.99938387]
[0.99843925]
[0.99943537]
[0.9984701]
[0.9995539]
[0.01709539]
[0.99941844]
[0.18363412]
[0.19766325]
[0.98909557]
[0.99996245]
[0.9903507]
[0.9999864]
[0.00542165]
[0.00254945]
[0.01709277]
[0.9991618]
[0.00041113]
[0.98961574]
[0.9999734]
[0.2393779]
[0.22795048]
[0.99267477]
[0.9999909]
[0.3482086]
[0.66612196]
[0.8090468]
[0.9945604]
[0.99986327]
[0.01930764]
[0.01671063]
[0.99272084]
[0.9999853]
[0.22795048]
[0.22795048]
[0.3482084]
[0.00064666]
[0.3482086]
[0.9936317]
[0.9999924]
[0.0154282]
[4.5823257e-05]
[0.9882084]
[0.99999017]
[0.98805636]
[0.00063921]
[0.84369457]
[0.9860554]
[0.9999737]
[0.99714744]
[0.8140812]
[0.9685554]
[0.06790262]
[0.9947825]
[0.50692654]
[0.3684873]
[0.9999866]
[0.96430343]
[0.9999883]
[0.9637796]
[0.00095955]
[0.9964611]
[0.38365334]
[0.9900327]
[0.99999726]
[0.999996]
[0.7860829]
[0.00188077]
[0.97542536]
[0.9999887]
[0.97222614]
[0.03983174]
[0.00188077]
[0.99998534]
[0.99998367]
[0.99998575]
[0.9599044]
[0.9999893]
[0.9133548]
[0.99998087]
[0.9521218]
[0.9999879]
[0.96174216]
[0.99998784]
[0.9054278]
[0.99998796]
[0.90190315]
[0.99998105]
[0.9240392]
[1.]
[0.98075485]
[0.00013899]
[1.]
[0.99258286]
[0.13808642]
[0.02842723]
[1.]
[0.97871673]
[0.68331677]
[0.00933289]
[1.]
[0.99256974]
[1.]
[0.97704005]
[0.00330898]
[0.9965936]
[1.]
[0.97802305]
[1.]
[0.97750014]
[1.]
[0.9934607]
[1.]
[0.9773003]
[1.]
[0.9810821]
[0.00184427]
[0.64262176]
[0.9970988]
[0.99998116]
[0.719437]
[0.10430727]
[0.9984248]
[0.9999924]
[0.99793434]
[0.9999868]
[0.9977786]
[0.99998486]
[0.9061437]
[0.99764544]
[0.9999861]
[0.9972807]
[0.9999854]
[0.99775314]
[0.9999864]
[0.9962847]
[0.00101012]
[0.00025179]
[0.99900305]
[0.9999496]
[0.25274047]
[0.01693185]
[0.99751776]
[0.9997324]
[0.00133275]
[0.9061437]
[0.00168242]
[0.997423]
[0.99998134]
[0.9972153]
[0.9999825]
[0.62877786]
[0.9973461]
[0.9999773]
[0.35586363]
[0.99996537]
[0.97947216]
[0.9999172]
[0.74901175]
[0.9194034]
[0.5918775]
[0.95422196]
[0.95422196]
[0.99998695]
[0.8462591]
[0.99994355]
[0.70525366]
[0.99999535]
[0.893034]
[0.09414412]
[0.99998283]
[0.8616048]
[0.9999726]
[0.70067996]
[0.09414412]
[0.9999977]
[0.7388264]
[0.98522186]
[0.5828862]
[0.99999446]
[0.8843408]
[0.99999875]
[0.687136]
[0.99981916]
[0.9985495]
[0.9999897]
[0.9966716]
[0.9909186]
[0.99848825]
[0.999989]
[0.99845976]
[0.9999895]
[0.00579143]
[0.01563367]
[0.7576461]
[0.9986489]
[0.99998814]
[0.99845797]
[0.99998957]
[0.00124764]
[0.00042201]
[0.00969729]
[0.00217484]
[0.00862604]
[0.00206557]
[0.99845755]
[0.99999]
[0.9984529]
[0.99999005]
[0.8329456]
[0.7171726]
[0.00232949]
[0.00546288]
[0.9984596]
[0.99998885]
[0.999226]
[0.9986124]
[0.9999948]
[0.00090133]
[0.00030026]
[0.9984463]
[0.99999005]
[0.00069762]
[0.99856925]
[0.9999899]
[0.00451519]
[0.99846023]
[0.99998903]
[0.84525627]
[0.04462929]
[0.99952096]
[0.99327356]
[0.9999912]
[0.9999947]
[0.9784409]
[0.99725014]
[0.00843405]
[0.0084349]
[0.00676382]
[0.9995019]
[0.01266924]
[0.9897353]
[0.9998434]
[0.06452864]
[0.01266924]
[0.96520203]
[0.9999889]
[0.00170645]
[0.9997614]
[0.54178786]
[0.9998473]
[0.99998206]
[0.9999862]
[0.99998164]
[0.00919392]
[0.01266924]
[0.06452864]
[0.06452864]
[0.9999866]
[0.9999858]
[0.01266924]
[0.01266924]
[0.66602194]
[0.9070805]
[0.9999845]
[0.9999832]
[0.00882641]
[0.9999848]
[0.9999838]
[0.01266924]
[0.00072141]
[0.00528302]
[0.99998915]
[0.99999017]
[0.99999017]
[0.9999876]
[0.99998605]
[0.9999826]
[0.9999876]
[0.9999904]
[0.99964255]
[0.02546871]
[0.02546871]
[0.34763622]
[0.07950987]
[0.8770961]
[0.9998274]
[0.9996898]
[0.0069183]
[0.01336416]
[0.01336416]
[0.92522615]
[0.00492906]
[0.7970895]
[0.01336416]
[0.830569]
[0.9921072]
[0.98502237]
[0.9846505]
[0.97737455]
[0.9768207]
[0.0762639]
[0.02484963]
[0.9996678]
[0.01754569]
[0.981389]
[0.01336416]
[0.9923088]
[0.9845752]
[0.99997956]
[0.01336416]
[0.99165094]
[0.98507804]
[0.99982935]
[0.99969]
[0.8189484]
[0.8873632]
[0.99983877]
[0.18802533]
[0.99998355]
[0.99982655]
[0.9996882]
[0.01754569]
[0.01754569]
[0.01336416]
[0.01336416]
[0.9997504]
[0.99987143]
[0.99974567]
[0.9996983]
[1.]
[0.04753683]
[1.]
[0.06223788]
[1.]
[0.04298743]
[1.]
[0.04366872]
[1.]
[0.04222599]
[1.]
[0.0377407]
[1.]
[0.04560992]
[0.9999998]
[0.03802807]
[0.9999407]
[0.71924734]
[1.]
[0.03678192]
[0.10427308]
[0.00094569]
[6.909263e-05]
[1.]
[0.07500169]
[1.]
[0.99999994]
[0.7436253]
[0.10989472]
[0.14770494]
[0.10989472]
[0.14770494]
[0.01412061]
[1.]
[0.99999994]
[1.]
[0.99999994]
[0.00167702]
[0.00399296]
[0.00167702]
[0.00167702]
[0.00399296]
[0.00399296]
[0.00021178]
[0.00014123]
[0.00315115]
[0.9731244]
[1.]
[0.99999994]
[1.]
[0.99999994]
[1.]
[0.99999994]
[0.00755773]
[0.96247065]
[1.]
[0.99999994]
[0.9999891]
[0.99527645]
[0.99060875]
[0.00167702]
[0.00167702]
[0.00399296]
[0.00399296]
[0.8381879]
[0.9999999]
[0.33884335]
[0.33884335]
[0.08986208]
[0.08986208]
[0.23100689]
[0.00027339]
[0.00024647]
[1.]
[0.99999994]
[0.08770934]
[0.02557695]
[0.00167702]
[0.99997455]
[0.07283335]
[0.00167702]
[0.00167702]
[0.00399296]
[0.5017068]
[0.73856467]
[0.00399296]
[0.00399296]
[0.04215364]
[0.01401156]
[0.19898513]
[0.40031675]
[0.01450645]
[0.08975068]
[0.6373515]
[0.49818072]
[0.9779317]
[0.00399296]
[0.5937245]
[0.03473506]
[0.00167702]
[1.]
[0.99999994]
[0.00399296]
[0.5048597]
[0.767121]
[1.]
[0.99999994]
[1.]
[0.99999994]
[0.00167702]
[0.00167702]
[1.]
[0.00399296]
[0.99999994]
[0.00399296]
[0.12000483]
[0.011068]
[0.00117645]
[0.9845305]
[0.98366576]
[0.05287073]
[9.585695e-05]
[0.00148968]
[0.9985878]
[0.96320015]
[0.96324414]
[0.9989337]
[0.9799395]
[0.502671]
[0.96514666]
[0.38444248]
[0.00130805]
[0.00148968]
[0.7059059]
[0.3299133]
[0.00130805]
[0.00148968]
[0.98820186]
[0.96756667]
[0.99999833]
[0.9882324]
[0.5821234]
[0.9997052]
[0.98763365]
[0.9999986]
[0.98765415]
[0.00130805]
[0.00130805]
[0.00148968]
[0.00148968]
[0.9685979]
[0.98660415]
[0.9999982]
[0.9883104]
[0.9999982]
[0.9881368]
[0.00015949]
[0.00105962]
[0.9999982]
[0.98827314]
[0.9999981]
[0.9920225]
[0.99999815]
[0.98843735]
[0.99999815]
[0.9885025]
[0.98385376]
[0.80468935]
[0.10632281]
[0.00812464]
[0.98514813]
[0.98269266]
[0.99024934]
[0.98352283]
[0.98545694]
[0.9832452]
[0.9893181]
[0.9828274]
[0.99022967]
[0.9814715]
[0.99307793]
[0.9828665]
[0.99360234]
[0.98321223]
[0.9937165]
[0.98327714]
[0.98279345]
[0.01559544]
[0.9982787]
[0.99984056]
[0.98965454]
[0.983296]
[0.9778049]
[0.9894785]
[0.9998954]
[0.9536499]
[0.9999565]
[0.9635599]
[0.99994487]
[0.91747457]
[0.96288276]
[0.47980145]
[0.17429933]
[0.7214182]
[0.33450508]
[0.254476]
[0.78373134]
[0.42877242]
[0.42601606]
[0.99991024]
[0.9508801]
[0.6584396]
[0.0420629]
[0.0420629]
[0.00779406]
[0.00779406]
[0.5695846]
[0.0015106]
[0.92524457]
[0.00868967]
[0.00985457]
[0.92524457]
[0.99962485]
[0.17077403]
[0.999912]
[0.95268947]
[0.5510037]
[0.37635377]
[0.9994067]
[0.2102485]
[0.94866437]
[0.9999741]
[0.0420629]
[0.92524457]
[0.02145409]
[0.22881654]
[0.57455814]
[0.92524457]
[0.7493187]
[0.9677945]
[0.0420629]
[0.92524457]
[0.8699989]
[0.8945544]
[0.9998544]
[0.96463007]
[0.999867]
[0.9594457]
[0.99997455]
[0.9998646]
[0.00215436]
[0.0128946]
[0.99988693]
[0.95282805]
[0.99985224]
[0.96611726]
[0.9999238]
[0.9189601]
[0.15182965]
[0.01039309]
[0.91658896]
[0.97086275]
[0.01164727]
[0.00556975]
[0.00220883]
[0.01039309]
[1.]
[0.9232343]
[0.01164727]
[0.00233467]
[0.00186437]
[1.]
[0.99970955]
[0.6037353]
[0.4072706]
[0.99994594]
[0.9593665]
[0.9507977]
[0.99371904]
[0.99999994]
[0.95124006]
[1.]
[0.951677]
[0.99999994]
[0.94903183]
[1.]
[0.92866635]
[1.]
[0.9493022]
[0.9999552]
[0.9306016]
[0.99999994]
[0.94986033]
[0.99999994]
[0.95338225]
[1.]
[0.9983113]
[0.04350885]
[0.01254683]
[0.8885196]
[0.0012993]
[0.99994206]
[0.9998499]
[0.9999442]
[0.99967116]
[0.99994123]
[0.99984705]
[0.13028507]
[0.11872411]
[0.9999987]
[0.5233398]
[0.00607033]
[0.00607033]
[0.99994546]
[0.87010014]
[0.9998724]
[0.11966139]
[0.04117595]
[0.04117595]
[0.9999999]
[0.19479999]
[0.19320968]
[0.12563457]
[0.99999744]
[0.11757142]
[0.00199066]
[0.00288557]
[0.08694932]
[0.04117596]
[0.9999998]
[0.52853763]
[0.02548647]
[1.]
[0.11675369]
[0.04117595]
[0.9027711]
[0.3271192]
[0.00607033]
[0.01807829]
[1.]
[0.04117595]
[0.59277093]
[0.01506392]
[0.13177343]
[0.22948843]
[0.09630063]
[0.48413417]
[0.0208346]
[0.9999607]
[0.999939]
[0.00607033]
[0.04117595]
[0.6671996]
[0.01184776]
[0.9999476]
[0.9998486]
[0.00607033]
[0.00607033]
[0.04117595]
[0.04117596]
[0.00437244]
[0.01731426]
[0.9999422]
[0.99985105]
[0.9999424]
[0.99985397]
[0.99997234]
[0.99990904]
[0.99994385]
[0.99985]
[0.9999422]
[0.99985015]
[0.00105778]
[0.994156]
[0.89566404]
[0.98031104]
[0.01939189]
[0.01939189]
[0.4232173]
[0.02521584]
[0.02521584]
[0.0972609]
[0.14114873]
[0.36890247]
[0.10498898]
[0.00069687]
[0.00105778]
[0.9968766]
[0.9999954]
[0.9999947]
[0.9996354]
[0.99961704]
[0.00105778]
[0.8135524]
[0.01939189]
[0.01939189]
[0.00105778]
[0.00105778]
[0.9999977]
[0.01939189]
[0.98590666]
[0.00105778]
[0.83205116]
[0.811672]
[0.96751094]
[0.4232173]
[0.09910364]
[0.02496665]
[0.9999581]
[0.99999756]
[0.7587659]
[0.9944858]
[0.01939189]
[0.9876966]
[0.00105778]
[0.7139702]
[0.53587013]
[0.9963142]
[0.98768854]
[0.1623606]
[0.09725954]
[0.99995893]
[0.23490651]
[0.9952885]
[0.9869344]
[0.65189385]
[0.04009916]
[0.14714551]
[0.9955377]
[0.9877122]
[0.9981275]
[0.99620044]
[0.9877092]
[0.03200446]
[0.11651709]
[0.99999535]
[0.87290514]
[0.27486017]
[0.99553514]
[0.98730326]
[0.9983151]
[0.00019382]
[0.04378654]
[0.99510074]
[0.9874692]
[0.01939189]
[0.01939189]
[0.9950308]
[0.9935555]
[0.00105778]
[0.00105778]
[0.00023527]
[0.00095397]
[0.00435848]
[0.00226027]
[0.14587857]
[0.55466485]
[0.19041422]
[0.43531522]
[0.99620116]
[0.98765457]
[0.99999684]
[0.98782647]
[0.00579198]
[0.8650449]
[0.00478392]
[0.97388375]
[0.9310091]
[0.00416288]
[0.75358444]
[0.9998955]
[0.00207961]
[0.9998241]
[0.8118617]
[0.9942962]
[0.8607822]
[0.97226447]
[0.8023802]
[0.9940253]
[0.07515183]
[0.9192753]
[0.15600784]
[0.9894033]
[0.6382531]
[0.98858935]
[0.4925678]
[0.9827656]
[0.50521016]
[0.9838862]
[0.35932952]
[0.98837423]
[0.45977542]
[0.00300792]
[0.00300792]
[0.9989025]
[0.00191655]
[0.87262404]
[0.9146515]
[0.3489307]
[0.11753743]
[0.11753743]
[0.98398405]
[0.11753743]
[0.9989329]
[0.6391947]
[0.999984]
[0.9999817]
[0.9997838]
[0.08249183]
[0.99995273]
[0.3489307]
[0.0615794]
[0.9999969]
[0.9999843]
[0.00300792]
[0.11753743]
[0.44761658]
[0.00849662]
[0.54515135]
[0.99997854]
[0.99997777]
[0.00300792]
[0.00300791]
[0.9999823]
[0.9994286]
[0.11753743]
[0.11753743]
[0.97630405]
[0.9983928]
[0.99998444]
[0.9999775]
[0.99998784]
[0.9994247]
[0.9999805]
[0.9999721]
[0.9999781]
[0.9999687]
[0.9990042]
[0.9999815]
[0.9999798]
[0.9999674]
[0.00618974]
[0.00618974]
[0.98647594]
[0.99799776]
[0.66220313]
[0.9256082]
[0.90774864]
[0.99648166]
[0.9965956]
[0.9985311]
[0.9966778]
[0.99054104]
[0.74892676]
[0.9901763]
[0.757622]
[0.98803484]
[0.8404834]
[0.9895388]
[0.78046596]
[0.9865797]
[0.9999248]
[0.755019]
[0.99989235]
[0.02038172]
[0.9999937]
[0.9944919]
[0.99983]
[0.3259379]
[0.999996]
[0.99811286]
[0.16788657]
[0.16788657]
[0.9999966]
[0.9945143]
[0.16788657]
[0.16788657]
[0.9999971]
[0.9943705]
[0.01179344]
[0.08376073]
[0.95129836]
[0.78290904]
[0.15458097]
[0.5927011]
[0.999978]
[0.9999956]
[0.9980715]
[0.7829948]
[0.78995585]
[0.78995585]
[0.9999951]
[0.78583264]
[0.8689082]
[0.9945628]
[0.99993503]
[0.9999952]
[0.999973]
[0.9999612]
[0.8063234]
[0.9999722]
[0.999985]
[0.99997205]
[0.99996173]
[0.12285473]
[0.01089636]
[0.99997264]
[0.9999912]
[0.96994513]
[0.00060857]
[0.00060857]
[0.0009761]
[0.99999875]
[0.9999738]
[0.9987843]
[0.03151829]
[0.63088167]
[0.6327268]
[0.00061]
[0.9999207]
[0.99999666]
[0.9995989]
[0.00048569]
[0.04754888]
[0.9999908]
[0.99994296]
[0.9999764]
[0.9999715]
[0.9998228]
[0.98058087]
[0.99999684]
[0.9999716]
[0.99999726]
[0.9999667]
